1922740331
1922740476
1922740523
1922850132
1922590333
1922740128
1922740514
1922740583
1922740732
1922780295
1922780479
1922780483
1922590825
1922780144
1922780745
1922850889
1922850893
1922850898
1922780858
1922851317
1922591798
1922591805
1922740828
1922780971
1922741619
1922780876
1922780897
1922781051
1922781139
1922741581
1922591944
1922592475
1922592527
1922592426
1922592512
1922592650
1922592572
1922592943
1922591884
1922592834
1922851820
1922852013
1922852078
1922593011
1922851377
1922851871
1922852007
1922852040
1922852086
1922852014
1922852149
1922592091
1922593040
1922782019
1922782074
1922782084
1922743849
1922593429
1922593455
1922593680
1922742677
1922743806
1922743641
1922744170
1922781511
1922782191
1922782295
1922782465
1922852535
1922852553
1922853181
1922593928
1922594104
1922594137
1922744097
1922781991
1922782065
1922782322
1922853331
1922853377
1922592882
1922853308
1922594496
1922594427
1922594677
1922744186
1922744460
1922782385
1922852973
1922853127
1922853004
1922853783
1922853744
1922594026
1922594657
1922594741
1922594965
1922595060
1922743328
1922743946
1922744594
1922744934
1922745144
1922781726
1922782505
1922783283
1922852605
1922853049
1922852929
1922853433
1922853645
1922853690
1922853746
1922594008
1922594262
1922743507
1922744660
1922781960
1922782506
1922783548
1922853490
1922853583
1922853599
1922853634
1922853649
1922853749
1922853955
1922593887
1922595062
1922595166
1922745344
1922745786
1922783241
1922783115
1922783819
1922853225
1922853644
1922594149
1922594272
1922594659
1922596491
1922743676
1922596524
1922745858
1922745941
1922783528
1922783953
1922854789
1922594506
1922596536
1922596673
1922596706
1922743980
1922744355
1922745158
1922746354
1922783356
1922784293
1922594776
1922594938
1922595169
1922595319
1922595740
1922596851
1922597035
1922597025
1922597092
1922597261
1922597281
1922746981
1922747017
1922783550
1922783590
1922783608
1922596126
1922596532
1922746502
1922747103
1922783988
1922595384
1922596709
1922745960
1922747194
1922784153
1922784393
1922854888
1922855253
1922855963
1922598573
1922745410
1922745559
1922747944
1922854771
1922596121
1922597283
1922746779
1922746616
1922784045
1922785065
1922785742
1922855946
1922855931
1922598350
1922747208
1922747434
1922749757
1922784664
1922785236
1922855778
1922855855
1922598414
1922598367
1922599088
1922598982
1922599819
1922749180
1922786078
1922856513
1922856914
1922980523
1922597534
1922748332
1922749083
1922749730
1922785190
1922786404
1922786625
1922856654
1922857405
1922857635
1922857744
1922980426
1922598780
1922599103
1922599188
1922980009
1922980048
1922980532
1922981335
1922981684
1922990330
1922598623
1922599750
1922599587
1922748324
1922748713
1922748960
1922749105
1922749721
1922785550
1922785776
1922785836
1922785963
1922786029
1922786039
1922786299
1922786345
1922786400
1922786865
1922787094
1922787203
1922856049
1922857654
1922857486
1922858572
1922858550
1922858617
1922980265
1922981137
1922981147
1922981391
1922990510
1922599848
1922786355
1922857671
1922980989
1922981431
1922982274
1922991343
1922991385
1922787765
1922787838
1922787842
1922858828
1922859228
1922859267
1922980291
1922983114
1922990691
1922787164
1922858731
1922859434
1922981609
1922981718
1922982412
1922983224
1922983230
1922983358
1922983604
1922983638
1922990700
1922992378
1922787133
1922787686
1922858331
1922859536
1922982811
1922982972
1922983294
1922984043
1922984562
1922991497
1922992807
1922992915
1922599257
1922787084
1922787026
1922787333
1922788205
1922788369
1922789209
1922789224
1922858504
1922858399
1922858871
1922983375
1922983759
1922983689
1922984874
1922990843
1923000137
1923000293
1922788227
1922859132
1922859697
1922982395
1922984566
1922990105
1922990651
1922992518
1922992774
1922992801
1923000922
1922788010
1922789628
1922789676
1922789697
1922789716
1922789721
1922789770
1922982661
1922984042
1922984875
1922985199
1922986815
1922986438
1922992279
1922992771
1923000299
1923000972
1922859265
1922859598
1922859765
1922859611
1922859707
1922983146
1922990649
1922994646
1923000928
1922788615
1922788870
1922789760
1922983749
1922983964
1922984456
1922994613
1922994579
1923000452
1923001202
1923002086
1923010093
1922788077
1922788391
1922789336
1922789505
1922986872
1922987324
1922987592
1922994880
1923001872
1923010544
1922787328
1922984200
1922993341
1922993999
1922994620
1922994477
1922995537
1923001673
1923001623
1923001893
1923002882
1923010654
1923011444
1923011645
1923011709
1922789227
1922789542
1922985974
1922988807
1922988711
1922989165
1922994995
1922996375
1922996741
1922988240
1922989385
1922996379
1922996527
1922997143
1923002082
1922988327
1922988512
1922989377
1922989908
1922994248
1922996187
1922996340
1922996620
1922997007
1922997493
1923002959
1923011983
1922987640
1922988804
1922997835
1923011839
1923012009
1923012652
1923021095
1922997331
1922998329
1923004083
1923004261
1923005504
1923013474
1923020481
1923020505
1922989519
1922996767
1922997250
1922997617
1923004928
1923013295
1923021219
1923022974
1922996376
1922997808
1922998055
1923006618
1923013184
1923014204
1923014624
1923022071
1922998615
1922998820
1923005008
1923007103
1923007352
1923012976
1923014897
1923020077
1923021922
1923022082
1923022152
1923023948
1923024324
1923024472
1923030300
1923005869
1923005623
1923005883
1923006756
1923013019
1923012570
1923022832
1923030138
1923031041
1922999676
1922999660
1923006122
1923007257
1923007793
1923013937
1923023599
1923023336
1923023113
1923023099
1923023664
1923023664
1923023664
1923023664
1923023664
1923023664
1923023664
1923023664
1923023664
1923023664
1923023664
1923023664
1923023664
1923023687
1923023692
1923023705
1923023743
1923023760
1923023795
1923015529
1923023798
1923015533
1923023834
1923015558
1923023946
1923015637
1923024007
1923015656
1923024017
1923015741
1923024123
1923015743
1923024130
1923015747
1923024138
1923015793
1923024167
1923015833
1923024173
1923015860
1923024296
1923015967
1923024319
1923015970
1923024342
1923016035
1923024447
1923016094
1923016125
1923024456
1923016150
1923024464
1923016267
1923024469
1923016474
1923024536
1923020462
1923024635
1923020634
1923024644
1923020981
1923024649
1923021330
1923024657
1923021609
1923024728
1923022074
1923024737
1923022108
1923024754
1923022202
1923022266
1923022337
1923022380
1923022446
1923022519
1923022606
1923024783
1923024923
1923025135
1923025082
1923025149
1923025207
1923025609
1923015346
1923015437
1923015477
1923015496
1923015392
1923031407
1922999240
1923015293
1922999317
1922999916
1923006273
1923008820
1923015595
1923015678
1923016405
1923016681
1923025474
