1852538938
1852562617
1852563100
1852563530
1852564531
1852565003
1852565024
1852565284
1852565324
1852565406
1852565609
1852567003
1852567174
1852567872
1852572966
1852573169
1852573468
1852574019
1852574610
1852575588
1852576259
1852576960
1852582808
1852583392
1852584939
1852585163
1852586197
1852587330
1852587615
1852587679
1852587760
1852562192
1852562976
1852564712
1852564881
1852565155
1852565329
1852566905
1852566936
1852568272
1852584684
1852587356
1852587361
1852587480
1852565299
1852566187
1852567011
1852567801
1852568627
1852568929
1852573473
1852573710
1852574256
1852575670
1852576154
1852576511
1852577153
1852577612
1852582401
1852587865
1852566262
1852566558
1852566627
1852566727
1852567055
1852567879
1852576694
1852587676
1852589089
1852568844
1852569341
1852569378
1852569382
1852576068
1852576791
1852577150
1852578423
1852588991
1852589162
1852589541
1852590596
1852591660
1852592140
1852599804
1852600371
1852601136
1852601220
1852568404
1852568726
1852568917
1852568961
1852569151
1852569223
1852569478
1852574596
1852575660
1852576179
1852578494
1852578571
1852579478
1852585810
1852589217
1852589233
1852589376
1852589569
1852590573
1852591178
1852591919
1852592786
1852599992
1852613397
1852591095
undefined
undefined
1852605062
1852605132
1852605195
1852605472
1852605637
1852606177
1852607082
1852607166
1852607376
1852612721
1852612861
1852598828
1852605185
1852606107
1852607987
1852608193
1852614285
1852615360
1852615449
1852616455
1852616827
1852618614
1852618857
1852618956
1852619484
1852619635
1852619786
1852620458
1852593030
1852597250
1852597404
1852598520
1852604533
1852606940
1852608815
1852609479
1852612440
1852614692
1852616695
1852617083
1852617695
1852618091
1852619043
1852619145
1852609161
1852615615
1852616902
1852619986
1852620059
1852620120
1852620326
1852620445
1852620576
1852620587
1852620625
1852622233
1852630665
1852630761
1852630967
1852630980
1852634005
1852640256
1852641427
1852641725
1852641847
1852609380
1852615878
1852616776
1852618445
1852624057
1852624281
1852629700
1852646166
1852673741
1852681767
1852682773
1852682824
1852683112
1852683426
1852683776
1852629026
1852629105
1852629334
1852629713
1852637517
1852648035
1852670330
1852667580
1852677656
1852710558
1852692033
1852695195
1852696845
1852700737
1852701848
1852701922
1852701993
1852702055
1852702102
1852702210
1852702402
1852703338
1852703427
1852704512
1852705166
1852710528
1852710553
1852710628
1852710759
1852710869
1852710967
1852711051
1852711373
1852711655
1852712376
1852712435
1852712509
1852712516
1852713122
1852715114
1852715503
1852715621
1852667266
1852669475
1852677880
1852678847
1852687444
1852688039
1852691443
1852691674
1852692207
1852692499
1852692608
1852692619
1852692959
1852693222
1852693299
1852694821
1852694925
1852695270
1852695305
1852695433
1852695753
1852700659
1852701760
1852702095
1852702107
1852702421
1852705365
1852705998
1852710168
1852710714
1852710927
1852716487
1852691151
1852692209
1852694314
1852695760
1852696256
1852696988
1852701674
1852702045
1852702093
1852704963
1852705063
1852705142
1852705435
1852708031
1852708867
1852712258
1852712276
1852712373
1852714233
1852716191
1852691068
1852691544
1852694370
1852697056
1852697070
1852697447
1852699730
1852705281
1852705290
1852706461
1852708451
1852713309
1852713580
1852713825
1852715530
1852715654
1852716394
1852718301
1852696202
1852696657
1852696669
1852712810
